https://trainingzone.eurocontrol.int/ATMTraining/PreCourse/SUR/ADS/Taste%20the%20Course/32501.10.32657.85.28722/Default.html
           4
          10
           5
           2
           5
           1
           1
           0
           5
           5
          10
           5
          10
          10
           1
           9
           9
           5
           4
          10
           1
           2
           1
           5
           1
           2
           0
           5
           1
           2
           1
           8
           5
           5
           2
           5
          17
           1
           5
           2
           1
           8
           0
           2
           5
           1
           4
           0
           0
           2
           4
           1
           1
           5
           1
           5
           0
           1
           1
           0
           1
           1
           1
           8
           8
           2
           2
          13
           1
           5
           4
           1
           2
           4
          34 !!!
           2
          29 !!!
           0
          13
           1
          17
          37 !!!
           4
          40 !!!
           5
           5
           1
           1
           8
           5
          13 --- 1
           1
           0
          37 !!! 0
           2
          26 !!! 0
           8
          61 !!! 0
          32 !!! 1   DF = 17
           5
          52 !!! 1
           0
           2
          25 ?   0
          18 ?   1   CA = 5
           2
           1
          26 ?   0   -- Start of ICAO (24 bits)
          26 ?   1
           1
          10
          45 !!! 0
           2
          45 !!! 0
          10
          25 ?   0
           1
          40 !!! 0
          58 !!! 1
           2
           4
          45 !!! 0
           2
          26 ?   0
          37 !!! 1
           2
           0
          68 !!! 0
          34 !!!        ???
          53 !!! 0
           9     1      ???
           4
           1
          18     0
          10
          61 !!! 0
          50 !!! 1
          13
          20     1
          10
          18     1
           2
           2
          40 !!! 0
          26     1
           4
           8     1
           5
          13     1
           4
          45     1
           2
          50     1 -- End of ICAO 01000010 01001001 11011111 (0x4245DF)
          17
          34     1 -- Start of ME (56 bits)
           5
           8
          20     0
           1
          45     0
          29     1
           1
          26     1
           0
          41     
          61     0
           5
          58     0
          26     1
           2
           1
          29     0
          50     1
           9
           5
          26     0
          10
          37     0
          10
          53     0
          16
          36     0
          18
          45     0
          10
          61     0
          20
          40     0
          18
          36     0
           4
          40     0
          40     1 --
          13
          45     1
          13
          36     1
           5
          45     1
          13
          29     1
           2
           5
          26     0
           9
          45     0
           5
          36     0
          26     1
           4
          41     1
           0
           5
          17     0
           5
          18     0
          32     1
           1
           1
          72     0
          50     1
           1
           8
          17     0
           1
          36     0
          49     1
          10
           5
          20     0
           5
          50     0
          16
          58     0 --
          18
          68     0
          17
          25     0
          10
          53     0
          50     1
           2
          34     1
           5
          17     1
           1
          20
          40     0
           5
          40     0
          37     1
           4
          13
          34     0
           9
          73     0
          41     1
           4
           4
          25     0
          29
          50     0
          32     1
           2
          58     1 -- End of ME (56 bits) 0x99 40 1f 19 48 1C 93 == 1001 1001  0100 0000  0001 1111  0001 1001  0100 1000  0001 1100  1001 0011
          10
           5
          25     0 -- Start of parity check and address
           5
          32     0
          25     1
           0
          17     1
           1
          25
          64     0
          34     1
           9
          45     1
           5
          41     1
           8
          25     1
           9
          26     1
           4
           1
          20     0
          10
          74     0
          50     1
           1
           4
          61     0
          29     1
           1
           0
          53     0
          50     1
           4
          10
          25     0
           1
          25     0
           1
          52     0
          45     1
           1
          37     1
          10
          36     1
           5
           5 ??? 1? --  0x37 CA 8F = 0011 0111  1100 1010  1000 1111
           2
           2
           4
           4
           1
           1
           5
           2
           2
           1
           2
           0
           1
           1
           1
           5
           2
           2
           1
           2
           1
           1
           4
           5
           1
           1
           4
           2
           4
           1
           2
          13
           5
          10
           5
           8
          10
           9
          16
           5
           2
           0
           5
           2
           1
           5
           5
           1
           4
           5
           5
           0
           1
           1
           0
           1
           1
           1
           2
           5
           1
           4
           4
           0
           1
           2
           2
           1
           2
           1
           1
           1
           8
           1
           1
           4
           0
           0
           2
           1
           4
          13
           8
           1
           2
           4
           2
           1
           2
           1
           1
           2
           2
           5
           2
           1
           9
          13
           2
           5
           2
           2
           1
          10
           2
           1
           1
           5
           2
           0
           2
           5
           9
           9
           1
           9
           5
           9
           9
           2
           4
          13
           1
           2
           1
           8
           1
           2
           1
           1
          13
          13
          17
           0
           2
          13
           2
           1
           5
          17
           5
           1
           2
          10
          10
           2
           4
           2
           2
           5
           2
           4
           5
          10
           5
           2
          13
           5
           4
           1
           2
           0
           2
          10
           5
           2
           4
           1
           1
           4
           5
           2
           1
           1
          10
           1
           5
           2
           2
           1
           0
           5
           5
           4
           4
           5
           4
          10
           5
           0
           8
           1
           1
           5
           4
           2
           4
           0
           1
           2
           4
           0
           1
           5
           4
           0
           4
           5
           1
           4
           2
           5
           4
           5
           2
           4
           9
           8
           0
           1
           1
           0
           4
           5
           0
           4
           1
           1
          10
           4
           1
Avg: 127.371943359375, 127.382822265625
